#_id	left	top	right	bottom	texture_id
[SPRITES]
#WALK_GREEN
#RIGHT
71001	171	473	186	500	10
71002	190	473	205	500	10
#LEFT		  
71003	209	473	224	500	10
71004	228	473	243	500	10

#DIE_GREEN
72001	147	503	162	519	10
72002	168	503	183	519	10
72003	189	503	204	519	10
72004	210	503	225	519	10


#FLY_GREEN
#LEFT
73001	287	485	302	512	10
73002	308	485	323	512	10
73003	329	485	344	512	10
#RIGHT		  
73004	350	485	365	512	10
73005	371	485	386	512	10
73006	392	485	407	512	10


#WALK_RED
#RIGHT
74001	171	413	186	440	10
74002	190	413	205	440	10
#LEFT		  
74003	209	413	224	440	10
74004	228	413	243	440	10

#DIE_RED
75001	147	443	162	459	10
75002	168	443	183	459	10
75003	189	443	204	459	10
75004	210	443	225	459	10

#FLY_RED
#LEFT
76001	287	425	302	452	10
76002	308	425	323	452	10
76003	329	425	344	452	10
#RIGHT		  
76004	350	425	365	452	10
76005	371	425	386	452	10
76006	392	425	407	452	10

#_ani_id	sprite1_id	time1	sprite2_id	time2	...

[ANIMATIONS]
#WALKING_GREEN_LEFT
5100	71003	100	71004	100

#WALKING_GREEN_RIGHT
5101	71001	100	71002	100

#DIE_GREEN
5102	72001	100	72002	100	72003	100	72004	100

#FLY_GREEN_LEFT
5103	73001	100	73002	100	73003	100

#FLY_GREEN_RIGHT
5104	73004	100	73005	100	73006	100

#WALKING_RED_LEFT
5105	74003	100	74004	100

#WALKING_RED_RIGHT
5106	74001	100	74002	100

#DIE_RED
5107	75001	100	75002	100	75003	100	75004	100

#FLY_RED_LEFT
5108	76001	100	76002	100	76003	100

#FLY_RED_RIGHT
5109	76004	100	76005	100	76006	100

