# id	left	top	right	bottom	texture_id
[SPRITES]
20001	617	1400	632	1415	20
20002	636	1400	651	1415	20
20003	655	1400	670	1415	20
20004	674	1400	689	1415	20


#[SPRITES BROKEN]
20005	896	19	957	80	40
20006	896	82	957	143	40
20007	896	145	957	206	40
20008	896	208	957	269	40
20009	896	271	957	332	40
20010	896	334	957	395	40
20011	896	397	957	458	40
20012	896	460	957	521	40
20013	896	523	957	584	40
20014	896	586	957	647	40
20015	896	649	957	710	40
20016	896	712	957	773	40


# ani_id	sprite1_id	time1	sprite2_id	time2	...
[ANIMATIONS]
9000	20001	100	20002	100	20003	100	20004	1000
#9001	20005	40	20006	40	20007	40	20008	40	20009	40	20010	40	20011	120	20012	80	20013	80	20014	80	20015	80	20016	80